UUNITS = MILS
C4                   655.00        1650.00      180    0603                
J2                   255.00         520.00        0    HEADER_TH_2X4       
MH3                  150.00         150.00        0    PMH276D126          
MH2                  150.00        1215.00        0    PMH276D126          
MH1                  1820.00       2015.00        0    PMH276D126          
MH4                  1820.00        150.00        0    PMH276D126          
U1                   850.00        1775.00       90    SOIC-8              
C18                  250.00         790.00      180    0603                
C14                  865.00         890.00        0    0603                
C29                  1700.00        430.00      180    0603                
C30                  1105.00        290.00       90    0603                
C34                  1445.00        285.00       90    0603                
C26                  865.00         520.00        0    0603                
C19                  865.00         720.00        0    0603                
C31                  1265.00        285.00       90    0603                
C32                  1325.00        285.00       90    0603                
C21                  865.00         615.00        0    0603                
C23                  1730.00        585.00      270    0603                
C24                  1790.00        585.00      270    0603                
C2                   1655.00       1715.00      180    0603                
C3                   1735.00       1690.00      270    0603                
C5                   1735.00       1490.00       90    0603                
C6                   1655.00       1465.00      180    0603                
C1                   375.00        2130.00      180    0603                
C9                   1195.00       1100.00      270    0603                
C16                  1685.00        825.00      180    0603                
C20                  1685.00        690.00      180    0603                
C27                  1700.00        495.00      180    0603                
C10                  1260.00       1100.00      270    0603                
C11                  1325.00       1100.00      270    0603                
C12                  1425.00       1100.00      270    0603                
C17                  760.00         800.00       90    0603                
C33                  1385.00        285.00       90    0603                
C22                  1670.00        585.00      270    0603                
C7                   370.00        1345.00      180    0603                
C15                  1685.00        890.00      180    0603                
C25                  735.00         580.00       90    0603                
C28                  735.00         445.00      270    0603                
C13                  740.00        1000.00      270    0603                
C8                   740.00        1160.00       90    0603                
D3                   120.50         870.00        0    LED0603             
D2                   120.50         950.00        0    LED0603             
D1                   120.50        1025.00        0    LED0603             
J1                   311.02        1740.00      270    1-406541-5          
J3                   1140.00       2045.00      270  m HEADER_TH_2X10      
J4                   1140.00        120.00       90  m HEADER_TH_2X10      
R22                  90.00          570.00        0    0402                
R23                  420.00         570.00      180    0402                
R25                  90.00          470.00        0    0402                
R26                  420.00         470.00      180    0402                
R20                  815.00         800.00       90    0402                
R13                  985.00        1105.00      270    0402                
R14                  1030.00       1105.00       90    0402                
R3                   1290.00       1905.00       90    0402                
R4                   1330.00       1905.00       90    0402                
R1                   1190.00       1905.00       90    0402                
R2                   1230.00       1905.00       90    0402                
R24                  1790.00        490.00      270    0402                
R21                  1790.00        680.00       90    0402                
R27                  785.00         445.00       90    0402                
R17                  815.00         985.00        0    0402                
R12                  1640.00       1415.00        0    0402                
R10                  1640.00       1515.00        0    0402                
R9                   1640.00       1665.00        0    0402                
R6                   1640.00       1765.00        0    0402                
R8                   1105.00       1715.00        0    0402                
R11                  1105.00       1465.00        0    0402                
R5                   650.00        1880.00      180    0402                
R7                   650.00        1720.00      180    0402                
R19                  220.00         870.00        0    0402                
R18                  220.00         950.00        0    0402                
R16                  220.00        1025.00        0    0402                
R15                  1110.00       1105.00       90    0402                
TP1                  895.00        1135.00      270    KEYSTONE-5000       
U3                   1275.00        690.00       90    TQFP-128            
U2                   1365.00       1590.00      180    HX1198FNL           
Y2                   585.00         485.00      270    ATS                 
Y1                   585.00        1085.00      270    ATS                 
